  544.12  817.02       607   25.40
    0.00    0.00    0.00
   1 10995    0 407.274914939 375.076923077 36.655405796 -0.995974294 -0.000000000 -0.089639309   1
   2 10996    0 394.184764066 375.076923077 108.788082486 -0.963962861 -0.000000000 -0.266036846   1
   3 10997    0 368.425190539 375.076923077 177.424220693 -0.900968868 -0.000000000 -0.433883739   1
   4 10998    0 330.824128248 375.076923077 240.357798462 -0.809016994 -0.000000000 -0.587785252   1
   5 10999    0 282.590106271 375.076923077 295.566078822 -0.691062649 -0.000000000 -0.722794864   1
   6 11000    0 225.273405763 375.076923077 341.274622215 -0.550896981 -0.000000000 -0.834573254   1
   7 11001    0 160.716232638 375.076923077 376.014318449 -0.393025032 -0.000000000 -0.919527773   1
   8 11002    0 90.993507559 375.076923077 398.668605103 -0.222520934 -0.000000000 -0.974927912   1
   9 11003    0 18.346176277 375.076923077 408.509354762 -0.044864830 -0.000000000 -0.998993067   1
  10 11004    0 -54.890816206 375.076923077 405.220277637 0.134233266 -0.000000000 -0.990949762   1
  11 11005    0 -126.363572692 375.076923077 388.907087373 0.309016994 -0.000000000 -0.951056516   1
  12 11006    0 -193.774899979 375.076923077 360.094103326 0.473868662 -0.000000000 -0.880595532   1
  13 11007    0 -254.958142543 375.076923077 319.707398512 0.623489802 -0.000000000 -0.781831482   1
  14 11008    0 -307.946820624 375.076923077 269.045034854 0.753071466 -0.000000000 -0.657938726   1
  15 11009    0 -351.037834512 375.076923077 209.735342405 0.858448794 -0.000000000 -0.512899277   1
  16 11010    0 -382.846203563 375.076923077 143.684583480 0.936234871 -0.000000000 -0.351374824   1
  17 11011    0 -402.349580625 375.076923077 73.015683818 0.983929589 -0.000000000 -0.178556895   1
  18 11012    0 -408.921111111 375.076923077 0.000000000 1.000000000 -0.000000000 -0.000000000   1
  19 11013    0 -402.349580625 375.076923077 -73.015683818 0.983929589 -0.000000000 0.178556895   1
  20 11014    0 -382.846203563 375.076923077 -143.684583480 0.936234871 -0.000000000 0.351374824   1
  21 11015    0 -351.037834512 375.076923077 -209.735342405 0.858448794 -0.000000000 0.512899277   1
  22 11016    0 -307.946820624 375.076923077 -269.045034854 0.753071466 -0.000000000 0.657938726   1
  23 11017    0 -254.958142543 375.076923077 -319.707398512 0.623489802 -0.000000000 0.781831482   1
  24 11018    0 -193.774899979 375.076923077 -360.094103326 0.473868662 -0.000000000 0.880595532   1
  25 11019    0 -126.363572692 375.076923077 -388.907087373 0.309016994 -0.000000000 0.951056516   1
  26 11020    0 -54.890816206 375.076923077 -405.220277637 0.134233266 -0.000000000 0.990949762   1
  27 11021    0 18.346176277 375.076923077 -408.509354762 -0.044864830 -0.000000000 0.998993067   1
  28 11022    0 90.993507559 375.076923077 -398.668605103 -0.222520934 -0.000000000 0.974927912   1
  29 11023    0 160.716232638 375.076923077 -376.014318449 -0.393025032 -0.000000000 0.919527773   1
  30 11024    0 225.273405763 375.076923077 -341.274622215 -0.550896981 -0.000000000 0.834573254   1
  31 11025    0 282.590106271 375.076923077 -295.566078822 -0.691062649 -0.000000000 0.722794864   1
  32 11026    0 330.824128248 375.076923077 -240.357798462 -0.809016994 -0.000000000 0.587785252   1
  33 11027    0 368.425190539 375.076923077 -177.424220693 -0.900968868 -0.000000000 0.433883739   1
  34 11028    0 394.184764066 375.076923077 -108.788082486 -0.963962861 -0.000000000 0.266036846   1
  35 11029    0 407.274914939 375.076923077 -36.655405796 -0.995974294 -0.000000000 0.089639309   1
  36 11030    0 407.274914939 302.061538462 36.655405796 -0.995974294 -0.000000000 -0.089639309   1
  37 11031    0 394.184764066 302.061538462 108.788082486 -0.963962861 -0.000000000 -0.266036846   1
  38 11032    0 368.425190539 302.061538462 177.424220693 -0.900968868 -0.000000000 -0.433883739   1
  39 11033    0 330.824128248 302.061538462 240.357798462 -0.809016994 -0.000000000 -0.587785252   1
  40 11034    0 282.590106271 302.061538462 295.566078822 -0.691062649 -0.000000000 -0.722794864   1
  41 11035    0 225.273405763 302.061538462 341.274622215 -0.550896981 -0.000000000 -0.834573254   1
  42 11036    0 160.716232638 302.061538462 376.014318449 -0.393025032 -0.000000000 -0.919527773   1
  43 11037    0 90.993507559 302.061538462 398.668605103 -0.222520934 -0.000000000 -0.974927912   1
  44 11038    0 18.346176277 302.061538462 408.509354762 -0.044864830 -0.000000000 -0.998993067   1
  45 11039    0 -54.890816206 302.061538462 405.220277637 0.134233266 -0.000000000 -0.990949762   1
  46 11040    0 -126.363572692 302.061538462 388.907087373 0.309016994 -0.000000000 -0.951056516   1
  47 11041    0 -193.774899979 302.061538462 360.094103326 0.473868662 -0.000000000 -0.880595532   1
  48 11042    0 -254.958142543 302.061538462 319.707398512 0.623489802 -0.000000000 -0.781831482   1
  49 11043    0 -307.946820624 302.061538462 269.045034854 0.753071466 -0.000000000 -0.657938726   1
  50 11044    0 -351.037834512 302.061538462 209.735342405 0.858448794 -0.000000000 -0.512899277   1
  51 11045    0 -382.846203563 302.061538462 143.684583480 0.936234871 -0.000000000 -0.351374824   1
  52 11046    0 -402.349580625 302.061538462 73.015683818 0.983929589 -0.000000000 -0.178556895   1
  53 11047    0 -408.921111111 302.061538462 0.000000000 1.000000000 -0.000000000 -0.000000000   1
  54 11048    0 -402.349580625 302.061538462 -73.015683818 0.983929589 -0.000000000 0.178556895   1
  55 11049    0 -382.846203563 302.061538462 -143.684583480 0.936234871 -0.000000000 0.351374824   1
  56 11050    0 -351.037834512 302.061538462 -209.735342405 0.858448794 -0.000000000 0.512899277   1
  57 11051    0 -307.946820624 302.061538462 -269.045034854 0.753071466 -0.000000000 0.657938726   1
  58 11052    0 -254.958142543 302.061538462 -319.707398512 0.623489802 -0.000000000 0.781831482   1
  59 11053    0 -193.774899979 302.061538462 -360.094103326 0.473868662 -0.000000000 0.880595532   1
  60 11054    0 -126.363572692 302.061538462 -388.907087373 0.309016994 -0.000000000 0.951056516   1
  61 11055    0 -54.890816206 302.061538462 -405.220277637 0.134233266 -0.000000000 0.990949762   1
  62 11056    0 18.346176277 302.061538462 -408.509354762 -0.044864830 -0.000000000 0.998993067   1
  63 11057    0 90.993507559 302.061538462 -398.668605103 -0.222520934 -0.000000000 0.974927912   1
  64 11058    0 160.716232638 302.061538462 -376.014318449 -0.393025032 -0.000000000 0.919527773   1
  65 11059    0 225.273405763 302.061538462 -341.274622215 -0.550896981 -0.000000000 0.834573254   1
  66 11060    0 282.590106271 302.061538462 -295.566078822 -0.691062649 -0.000000000 0.722794864   1
  67 11061    0 330.824128248 302.061538462 -240.357798462 -0.809016994 -0.000000000 0.587785252   1
  68 11062    0 368.425190539 302.061538462 -177.424220693 -0.900968868 -0.000000000 0.433883739   1
  69 11063    0 394.184764066 302.061538462 -108.788082486 -0.963962861 -0.000000000 0.266036846   1
  70 11064    0 407.274914939 302.061538462 -36.655405796 -0.995974294 -0.000000000 0.089639309   1
  71 11065    0 407.274914939 229.046153846 36.655405796 -0.995974294 -0.000000000 -0.089639309   1
  72 11066    0 394.184764066 229.046153846 108.788082486 -0.963962861 -0.000000000 -0.266036846   1
  73 11067    0 368.425190539 229.046153846 177.424220693 -0.900968868 -0.000000000 -0.433883739   1
  74 11068    0 330.824128248 229.046153846 240.357798462 -0.809016994 -0.000000000 -0.587785252   1
  75 11069    0 282.590106271 229.046153846 295.566078822 -0.691062649 -0.000000000 -0.722794864   1
  76 11070    0 225.273405763 229.046153846 341.274622215 -0.550896981 -0.000000000 -0.834573254   1
  77 11071    0 160.716232638 229.046153846 376.014318449 -0.393025032 -0.000000000 -0.919527773   1
  78 11072    0 90.993507559 229.046153846 398.668605103 -0.222520934 -0.000000000 -0.974927912   1
  79 11073    0 18.346176277 229.046153846 408.509354762 -0.044864830 -0.000000000 -0.998993067   1
  80 11074    0 -54.890816206 229.046153846 405.220277637 0.134233266 -0.000000000 -0.990949762   1
  81 11075    0 -126.363572692 229.046153846 388.907087373 0.309016994 -0.000000000 -0.951056516   1
  82 11076    0 -193.774899979 229.046153846 360.094103326 0.473868662 -0.000000000 -0.880595532   1
  83 11077    0 -254.958142543 229.046153846 319.707398512 0.623489802 -0.000000000 -0.781831482   1
  84 11078    0 -307.946820624 229.046153846 269.045034854 0.753071466 -0.000000000 -0.657938726   1
  85 11079    0 -351.037834512 229.046153846 209.735342405 0.858448794 -0.000000000 -0.512899277   1
  86 11080    0 -382.846203563 229.046153846 143.684583480 0.936234871 -0.000000000 -0.351374824   1
  87 11081    0 -402.349580625 229.046153846 73.015683818 0.983929589 -0.000000000 -0.178556895   1
  88 11082    0 -408.921111111 229.046153846 0.000000000 1.000000000 -0.000000000 -0.000000000   1
  89 11083    0 -402.349580625 229.046153846 -73.015683818 0.983929589 -0.000000000 0.178556895   1
  90 11084    0 -382.846203563 229.046153846 -143.684583480 0.936234871 -0.000000000 0.351374824   1
  91 11085    0 -351.037834512 229.046153846 -209.735342405 0.858448794 -0.000000000 0.512899277   1
  92 11086    0 -307.946820624 229.046153846 -269.045034854 0.753071466 -0.000000000 0.657938726   1
  93 11087    0 -254.958142543 229.046153846 -319.707398512 0.623489802 -0.000000000 0.781831482   1
  94 11088    0 -193.774899979 229.046153846 -360.094103326 0.473868662 -0.000000000 0.880595532   1
  95 11089    0 -126.363572692 229.046153846 -388.907087373 0.309016994 -0.000000000 0.951056516   1
  96 11090    0 -54.890816206 229.046153846 -405.220277637 0.134233266 -0.000000000 0.990949762   1
  97 11091    0 18.346176277 229.046153846 -408.509354762 -0.044864830 -0.000000000 0.998993067   1
  98 11092    0 90.993507559 229.046153846 -398.668605103 -0.222520934 -0.000000000 0.974927912   1
  99 11093    0 160.716232638 229.046153846 -376.014318449 -0.393025032 -0.000000000 0.919527773   1
 100 11094    0 225.273405763 229.046153846 -341.274622215 -0.550896981 -0.000000000 0.834573254   1
 101 11095    0 282.590106271 229.046153846 -295.566078822 -0.691062649 -0.000000000 0.722794864   1
 102 11096    0 330.824128248 229.046153846 -240.357798462 -0.809016994 -0.000000000 0.587785252   1
 103 11097    0 368.425190539 229.046153846 -177.424220693 -0.900968868 -0.000000000 0.433883739   1
 104 11098    0 394.184764066 229.046153846 -108.788082486 -0.963962861 -0.000000000 0.266036846   1
 105 11099    0 407.274914939 229.046153846 -36.655405796 -0.995974294 -0.000000000 0.089639309   1
 106 11100    0 407.274914939 156.030769231 36.655405796 -0.995974294 -0.000000000 -0.089639309   1
 107 11101    0 394.184764066 156.030769231 108.788082486 -0.963962861 -0.000000000 -0.266036846   1
 108 11102    0 368.425190539 156.030769231 177.424220693 -0.900968868 -0.000000000 -0.433883739   1
 109 11103    0 330.824128248 156.030769231 240.357798462 -0.809016994 -0.000000000 -0.587785252   1
 110 11104    0 282.590106271 156.030769231 295.566078822 -0.691062649 -0.000000000 -0.722794864   1
 111 11105    0 225.273405763 156.030769231 341.274622215 -0.550896981 -0.000000000 -0.834573254   1
 112 11106    0 160.716232638 156.030769231 376.014318449 -0.393025032 -0.000000000 -0.919527773   1
 113 11107    0 90.993507559 156.030769231 398.668605103 -0.222520934 -0.000000000 -0.974927912   1
 114 11108    0 18.346176277 156.030769231 408.509354762 -0.044864830 -0.000000000 -0.998993067   1
 115 11109    0 -54.890816206 156.030769231 405.220277637 0.134233266 -0.000000000 -0.990949762   1
 116 11110    0 -126.363572692 156.030769231 388.907087373 0.309016994 -0.000000000 -0.951056516   1
 117 11111    0 -193.774899979 156.030769231 360.094103326 0.473868662 -0.000000000 -0.880595532   1
 118 11112    0 -254.958142543 156.030769231 319.707398512 0.623489802 -0.000000000 -0.781831482   1
 119 11113    0 -307.946820624 156.030769231 269.045034854 0.753071466 -0.000000000 -0.657938726   1
 120 11114    0 -351.037834512 156.030769231 209.735342405 0.858448794 -0.000000000 -0.512899277   1
 121 11115    0 -382.846203563 156.030769231 143.684583480 0.936234871 -0.000000000 -0.351374824   1
 122 11116    0 -402.349580625 156.030769231 73.015683818 0.983929589 -0.000000000 -0.178556895   1
 123 11117    0 -408.921111111 156.030769231 0.000000000 1.000000000 -0.000000000 -0.000000000   1
 124 11118    0 -402.349580625 156.030769231 -73.015683818 0.983929589 -0.000000000 0.178556895   1
 125 11119    0 -382.846203563 156.030769231 -143.684583480 0.936234871 -0.000000000 0.351374824   1
 126 11120    0 -351.037834512 156.030769231 -209.735342405 0.858448794 -0.000000000 0.512899277   1
 127 11121    0 -307.946820624 156.030769231 -269.045034854 0.753071466 -0.000000000 0.657938726   1
 128 11122    0 -254.958142543 156.030769231 -319.707398512 0.623489802 -0.000000000 0.781831482   1
 129 11123    0 -193.774899979 156.030769231 -360.094103326 0.473868662 -0.000000000 0.880595532   1
 130 11124    0 -126.363572692 156.030769231 -388.907087373 0.309016994 -0.000000000 0.951056516   1
 131 11125    0 -54.890816206 156.030769231 -405.220277637 0.134233266 -0.000000000 0.990949762   1
 132 11126    0 18.346176277 156.030769231 -408.509354762 -0.044864830 -0.000000000 0.998993067   1
 133 11127    0 90.993507559 156.030769231 -398.668605103 -0.222520934 -0.000000000 0.974927912   1
 134 11128    0 160.716232638 156.030769231 -376.014318449 -0.393025032 -0.000000000 0.919527773   1
 135 11129    0 225.273405763 156.030769231 -341.274622215 -0.550896981 -0.000000000 0.834573254   1
 136 11130    0 282.590106271 156.030769231 -295.566078822 -0.691062649 -0.000000000 0.722794864   1
 137 11131    0 330.824128248 156.030769231 -240.357798462 -0.809016994 -0.000000000 0.587785252   1
 138 11132    0 368.425190539 156.030769231 -177.424220693 -0.900968868 -0.000000000 0.433883739   1
 139 11133    0 394.184764066 156.030769231 -108.788082486 -0.963962861 -0.000000000 0.266036846   1
 140 11134    0 407.274914939 156.030769231 -36.655405796 -0.995974294 -0.000000000 0.089639309   1
 141 11135    0 407.274914939 83.015384615 36.655405796 -0.995974294 -0.000000000 -0.089639309   1
 142 11136    0 394.184764066 83.015384615 108.788082486 -0.963962861 -0.000000000 -0.266036846   1
 143 11137    0 368.425190539 83.015384615 177.424220693 -0.900968868 -0.000000000 -0.433883739   1
 144 11138    0 330.824128248 83.015384615 240.357798462 -0.809016994 -0.000000000 -0.587785252   1
 145 11139    0 282.590106271 83.015384615 295.566078822 -0.691062649 -0.000000000 -0.722794864   1
 146 11140    0 225.273405763 83.015384615 341.274622215 -0.550896981 -0.000000000 -0.834573254   1
 147 11141    0 160.716232638 83.015384615 376.014318449 -0.393025032 -0.000000000 -0.919527773   1
 148 11142    0 90.993507559 83.015384615 398.668605103 -0.222520934 -0.000000000 -0.974927912   1
 149 11143    0 18.346176277 83.015384615 408.509354762 -0.044864830 -0.000000000 -0.998993067   1
 150 11144    0 -54.890816206 83.015384615 405.220277637 0.134233266 -0.000000000 -0.990949762   1
 151 11145    0 -126.363572692 83.015384615 388.907087373 0.309016994 -0.000000000 -0.951056516   1
 152 11146    0 -193.774899979 83.015384615 360.094103326 0.473868662 -0.000000000 -0.880595532   1
 153 11147    0 -254.958142543 83.015384615 319.707398512 0.623489802 -0.000000000 -0.781831482   1
 154 11148    0 -307.946820624 83.015384615 269.045034854 0.753071466 -0.000000000 -0.657938726   1
 155 11149    0 -351.037834512 83.015384615 209.735342405 0.858448794 -0.000000000 -0.512899277   1
 156 11150    0 -382.846203563 83.015384615 143.684583480 0.936234871 -0.000000000 -0.351374824   1
 157 11151    0 -402.349580625 83.015384615 73.015683818 0.983929589 -0.000000000 -0.178556895   1
 158 11152    0 -408.921111111 83.015384615 0.000000000 1.000000000 -0.000000000 -0.000000000   1
 159 11153    0 -402.349580625 83.015384615 -73.015683818 0.983929589 -0.000000000 0.178556895   1
 160 11154    0 -382.846203563 83.015384615 -143.684583480 0.936234871 -0.000000000 0.351374824   1
 161 11155    0 -351.037834512 83.015384615 -209.735342405 0.858448794 -0.000000000 0.512899277   1
 162 11156    0 -307.946820624 83.015384615 -269.045034854 0.753071466 -0.000000000 0.657938726   1
 163 11157    0 -254.958142543 83.015384615 -319.707398512 0.623489802 -0.000000000 0.781831482   1
 164 11158    0 -193.774899979 83.015384615 -360.094103326 0.473868662 -0.000000000 0.880595532   1
 165 11159    0 -126.363572692 83.015384615 -388.907087373 0.309016994 -0.000000000 0.951056516   1
 166 11160    0 -54.890816206 83.015384615 -405.220277637 0.134233266 -0.000000000 0.990949762   1
 167 11161    0 18.346176277 83.015384615 -408.509354762 -0.044864830 -0.000000000 0.998993067   1
 168 11162    0 90.993507559 83.015384615 -398.668605103 -0.222520934 -0.000000000 0.974927912   1
 169 11163    0 160.716232638 83.015384615 -376.014318449 -0.393025032 -0.000000000 0.919527773   1
 170 11164    0 225.273405763 83.015384615 -341.274622215 -0.550896981 -0.000000000 0.834573254   1
 171 11165    0 282.590106271 83.015384615 -295.566078822 -0.691062649 -0.000000000 0.722794864   1
 172 11166    0 330.824128248 83.015384615 -240.357798462 -0.809016994 -0.000000000 0.587785252   1
 173 11167    0 368.425190539 83.015384615 -177.424220693 -0.900968868 -0.000000000 0.433883739   1
 174 11168    0 394.184764066 83.015384615 -108.788082486 -0.963962861 -0.000000000 0.266036846   1
 175 11169    0 407.274914939 83.015384615 -36.655405796 -0.995974294 -0.000000000 0.089639309   1
 176 11170    0 407.274914939 10.000000000 36.655405796 -0.995974294 -0.000000000 -0.089639309   1
 177 11171    0 394.184764066 10.000000000 108.788082486 -0.963962861 -0.000000000 -0.266036846   1
 178 11172    0 368.425190539 10.000000000 177.424220693 -0.900968868 -0.000000000 -0.433883739   1
 179 11173    0 330.824128248 10.000000000 240.357798462 -0.809016994 -0.000000000 -0.587785252   1
 180 11174    0 282.590106271 10.000000000 295.566078822 -0.691062649 -0.000000000 -0.722794864   1
 181 11175    0 225.273405763 10.000000000 341.274622215 -0.550896981 -0.000000000 -0.834573254   1
 182 11176    0 160.716232638 10.000000000 376.014318449 -0.393025032 -0.000000000 -0.919527773   1
 183 11177    0 90.993507559 10.000000000 398.668605103 -0.222520934 -0.000000000 -0.974927912   1
 184 11178    0 18.346176277 10.000000000 408.509354762 -0.044864830 -0.000000000 -0.998993067   1
 185 11179    0 -54.890816206 10.000000000 405.220277637 0.134233266 -0.000000000 -0.990949762   1
 186 11180    0 -126.363572692 10.000000000 388.907087373 0.309016994 -0.000000000 -0.951056516   1
 187 11181    0 -193.774899979 10.000000000 360.094103326 0.473868662 -0.000000000 -0.880595532   1
 188 11182    0 -254.958142543 10.000000000 319.707398512 0.623489802 -0.000000000 -0.781831482   1
 189 11183    0 -307.946820624 10.000000000 269.045034854 0.753071466 -0.000000000 -0.657938726   1
 190 11184    0 -351.037834512 10.000000000 209.735342405 0.858448794 -0.000000000 -0.512899277   1
 191 11185    0 -382.846203563 10.000000000 143.684583480 0.936234871 -0.000000000 -0.351374824   1
 192 11186    0 -402.349580625 10.000000000 73.015683818 0.983929589 -0.000000000 -0.178556895   1
 193 11187    0 -408.921111111 10.000000000 0.000000000 1.000000000 -0.000000000 -0.000000000   1
 194 11188    0 -402.349580625 10.000000000 -73.015683818 0.983929589 -0.000000000 0.178556895   1
 195 11189    0 -382.846203563 10.000000000 -143.684583480 0.936234871 -0.000000000 0.351374824   1
 196 11190    0 -351.037834512 10.000000000 -209.735342405 0.858448794 -0.000000000 0.512899277   1
 197 11191    0 -307.946820624 10.000000000 -269.045034854 0.753071466 -0.000000000 0.657938726   1
 198 11192    0 -254.958142543 10.000000000 -319.707398512 0.623489802 -0.000000000 0.781831482   1
 199 11193    0 -193.774899979 10.000000000 -360.094103326 0.473868662 -0.000000000 0.880595532   1
 200 11194    0 -126.363572692 10.000000000 -388.907087373 0.309016994 -0.000000000 0.951056516   1
 201 11195    0 -54.890816206 10.000000000 -405.220277637 0.134233266 -0.000000000 0.990949762   1
 202 11196    0 18.346176277 10.000000000 -408.509354762 -0.044864830 -0.000000000 0.998993067   1
 203 11197    0 90.993507559 10.000000000 -398.668605103 -0.222520934 -0.000000000 0.974927912   1
 204 11198    0 160.716232638 10.000000000 -376.014318449 -0.393025032 -0.000000000 0.919527773   1
 205 11199    0 225.273405763 10.000000000 -341.274622215 -0.550896981 -0.000000000 0.834573254   1
 206 11200    0 282.590106271 10.000000000 -295.566078822 -0.691062649 -0.000000000 0.722794864   1
 207 11201    0 330.824128248 10.000000000 -240.357798462 -0.809016994 -0.000000000 0.587785252   1
 208 11202    0 368.425190539 10.000000000 -177.424220693 -0.900968868 -0.000000000 0.433883739   1
 209 11203    0 394.184764066 10.000000000 -108.788082486 -0.963962861 -0.000000000 0.266036846   1
 210 11204    0 407.274914939 10.000000000 -36.655405796 -0.995974294 -0.000000000 0.089639309   1
 211 11205    0 407.274914939 -63.015384615 36.655405796 -0.995974294 -0.000000000 -0.089639309   1
 212 11206    0 394.184764066 -63.015384615 108.788082486 -0.963962861 -0.000000000 -0.266036846   1
 213 11207    0 368.425190539 -63.015384615 177.424220693 -0.900968868 -0.000000000 -0.433883739   1
 214 11208    0 330.824128248 -63.015384615 240.357798462 -0.809016994 -0.000000000 -0.587785252   1
 215 11209    0 282.590106271 -63.015384615 295.566078822 -0.691062649 -0.000000000 -0.722794864   1
 216 11210    0 225.273405763 -63.015384615 341.274622215 -0.550896981 -0.000000000 -0.834573254   1
 217 11211    0 160.716232638 -63.015384615 376.014318449 -0.393025032 -0.000000000 -0.919527773   1
 218 11212    0 90.993507559 -63.015384615 398.668605103 -0.222520934 -0.000000000 -0.974927912   1
 219 11213    0 18.346176277 -63.015384615 408.509354762 -0.044864830 -0.000000000 -0.998993067   1
 220 11214    0 -54.890816206 -63.015384615 405.220277637 0.134233266 -0.000000000 -0.990949762   1
 221 11215    0 -126.363572692 -63.015384615 388.907087373 0.309016994 -0.000000000 -0.951056516   1
 222 11216    0 -193.774899979 -63.015384615 360.094103326 0.473868662 -0.000000000 -0.880595532   1
 223 11217    0 -254.958142543 -63.015384615 319.707398512 0.623489802 -0.000000000 -0.781831482   1
 224 11218    0 -307.946820624 -63.015384615 269.045034854 0.753071466 -0.000000000 -0.657938726   1
 225 11219    0 -351.037834512 -63.015384615 209.735342405 0.858448794 -0.000000000 -0.512899277   1
 226 11220    0 -382.846203563 -63.015384615 143.684583480 0.936234871 -0.000000000 -0.351374824   1
 227 11221    0 -402.349580625 -63.015384615 73.015683818 0.983929589 -0.000000000 -0.178556895   1
 228 11222    0 -408.921111111 -63.015384615 0.000000000 1.000000000 -0.000000000 -0.000000000   1
 229 11223    0 -402.349580625 -63.015384615 -73.015683818 0.983929589 -0.000000000 0.178556895   1
 230 11224    0 -382.846203563 -63.015384615 -143.684583480 0.936234871 -0.000000000 0.351374824   1
 231 11225    0 -351.037834512 -63.015384615 -209.735342405 0.858448794 -0.000000000 0.512899277   1
 232 11226    0 -307.946820624 -63.015384615 -269.045034854 0.753071466 -0.000000000 0.657938726   1
 233 11227    0 -254.958142543 -63.015384615 -319.707398512 0.623489802 -0.000000000 0.781831482   1
 234 11228    0 -193.774899979 -63.015384615 -360.094103326 0.473868662 -0.000000000 0.880595532   1
 235 11229    0 -126.363572692 -63.015384615 -388.907087373 0.309016994 -0.000000000 0.951056516   1
 236 11230    0 -54.890816206 -63.015384615 -405.220277637 0.134233266 -0.000000000 0.990949762   1
 237 11231    0 18.346176277 -63.015384615 -408.509354762 -0.044864830 -0.000000000 0.998993067   1
 238 11232    0 90.993507559 -63.015384615 -398.668605103 -0.222520934 -0.000000000 0.974927912   1
 239 11233    0 160.716232638 -63.015384615 -376.014318449 -0.393025032 -0.000000000 0.919527773   1
 240 11234    0 225.273405763 -63.015384615 -341.274622215 -0.550896981 -0.000000000 0.834573254   1
 241 11235    0 282.590106271 -63.015384615 -295.566078822 -0.691062649 -0.000000000 0.722794864   1
 242 11236    0 330.824128248 -63.015384615 -240.357798462 -0.809016994 -0.000000000 0.587785252   1
 243 11237    0 368.425190539 -63.015384615 -177.424220693 -0.900968868 -0.000000000 0.433883739   1
 244 11238    0 394.184764066 -63.015384615 -108.788082486 -0.963962861 -0.000000000 0.266036846   1
 245 11239    0 407.274914939 -63.015384615 -36.655405796 -0.995974294 -0.000000000 0.089639309   1
 246 11240    0 407.274914939 -136.030769231 36.655405796 -0.995974294 -0.000000000 -0.089639309   1
 247 11241    0 394.184764066 -136.030769231 108.788082486 -0.963962861 -0.000000000 -0.266036846   1
 248 11242    0 368.425190539 -136.030769231 177.424220693 -0.900968868 -0.000000000 -0.433883739   1
 249 11243    0 330.824128248 -136.030769231 240.357798462 -0.809016994 -0.000000000 -0.587785252   1
 250 11244    0 282.590106271 -136.030769231 295.566078822 -0.691062649 -0.000000000 -0.722794864   1
 251 11245    0 225.273405763 -136.030769231 341.274622215 -0.550896981 -0.000000000 -0.834573254   1
 252 11246    0 160.716232638 -136.030769231 376.014318449 -0.393025032 -0.000000000 -0.919527773   1
 253 11247    0 90.993507559 -136.030769231 398.668605103 -0.222520934 -0.000000000 -0.974927912   1
 254 11248    0 18.346176277 -136.030769231 408.509354762 -0.044864830 -0.000000000 -0.998993067   1
 255 11249    0 -54.890816206 -136.030769231 405.220277637 0.134233266 -0.000000000 -0.990949762   1
 256 11250    0 -126.363572692 -136.030769231 388.907087373 0.309016994 -0.000000000 -0.951056516   1
 257 11251    0 -193.774899979 -136.030769231 360.094103326 0.473868662 -0.000000000 -0.880595532   1
 258 11252    0 -254.958142543 -136.030769231 319.707398512 0.623489802 -0.000000000 -0.781831482   1
 259 11253    0 -307.946820624 -136.030769231 269.045034854 0.753071466 -0.000000000 -0.657938726   1
 260 11254    0 -351.037834512 -136.030769231 209.735342405 0.858448794 -0.000000000 -0.512899277   1
 261 11255    0 -382.846203563 -136.030769231 143.684583480 0.936234871 -0.000000000 -0.351374824   1
 262 11256    0 -402.349580625 -136.030769231 73.015683818 0.983929589 -0.000000000 -0.178556895   1
 263 11257    0 -408.921111111 -136.030769231 0.000000000 1.000000000 -0.000000000 -0.000000000   1
 264 11258    0 -402.349580625 -136.030769231 -73.015683818 0.983929589 -0.000000000 0.178556895   1
 265 11259    0 -382.846203563 -136.030769231 -143.684583480 0.936234871 -0.000000000 0.351374824   1
 266 11260    0 -351.037834512 -136.030769231 -209.735342405 0.858448794 -0.000000000 0.512899277   1
 267 11261    0 -307.946820624 -136.030769231 -269.045034854 0.753071466 -0.000000000 0.657938726   1
 268 11262    0 -254.958142543 -136.030769231 -319.707398512 0.623489802 -0.000000000 0.781831482   1
 269 11263    0 -193.774899979 -136.030769231 -360.094103326 0.473868662 -0.000000000 0.880595532   1
 270 11264    0 -126.363572692 -136.030769231 -388.907087373 0.309016994 -0.000000000 0.951056516   1
 271 11265    0 -54.890816206 -136.030769231 -405.220277637 0.134233266 -0.000000000 0.990949762   1
 272 11266    0 18.346176277 -136.030769231 -408.509354762 -0.044864830 -0.000000000 0.998993067   1
 273 11267    0 90.993507559 -136.030769231 -398.668605103 -0.222520934 -0.000000000 0.974927912   1
 274 11268    0 160.716232638 -136.030769231 -376.014318449 -0.393025032 -0.000000000 0.919527773   1
 275 11269    0 225.273405763 -136.030769231 -341.274622215 -0.550896981 -0.000000000 0.834573254   1
 276 11270    0 282.590106271 -136.030769231 -295.566078822 -0.691062649 -0.000000000 0.722794864   1
 277 11271    0 330.824128248 -136.030769231 -240.357798462 -0.809016994 -0.000000000 0.587785252   1
 278 11272    0 368.425190539 -136.030769231 -177.424220693 -0.900968868 -0.000000000 0.433883739   1
 279 11273    0 394.184764066 -136.030769231 -108.788082486 -0.963962861 -0.000000000 0.266036846   1
 280 11274    0 407.274914939 -136.030769231 -36.655405796 -0.995974294 -0.000000000 0.089639309   1
 281 11275    0 407.274914939 -209.046153846 36.655405796 -0.995974294 -0.000000000 -0.089639309   1
 282 11276    0 394.184764066 -209.046153846 108.788082486 -0.963962861 -0.000000000 -0.266036846   1
 283 11277    0 368.425190539 -209.046153846 177.424220693 -0.900968868 -0.000000000 -0.433883739   1
 284 11278    0 330.824128248 -209.046153846 240.357798462 -0.809016994 -0.000000000 -0.587785252   1
 285 11279    0 282.590106271 -209.046153846 295.566078822 -0.691062649 -0.000000000 -0.722794864   1
 286 11280    0 225.273405763 -209.046153846 341.274622215 -0.550896981 -0.000000000 -0.834573254   1
 287 11281    0 160.716232638 -209.046153846 376.014318449 -0.393025032 -0.000000000 -0.919527773   1
 288 11282    0 90.993507559 -209.046153846 398.668605103 -0.222520934 -0.000000000 -0.974927912   1
 289 11283    0 18.346176277 -209.046153846 408.509354762 -0.044864830 -0.000000000 -0.998993067   1
 290 11284    0 -54.890816206 -209.046153846 405.220277637 0.134233266 -0.000000000 -0.990949762   1
 291 11285    0 -126.363572692 -209.046153846 388.907087373 0.309016994 -0.000000000 -0.951056516   1
 292 11286    0 -193.774899979 -209.046153846 360.094103326 0.473868662 -0.000000000 -0.880595532   1
 293 11287    0 -254.958142543 -209.046153846 319.707398512 0.623489802 -0.000000000 -0.781831482   1
 294 11288    0 -307.946820624 -209.046153846 269.045034854 0.753071466 -0.000000000 -0.657938726   1
 295 11289    0 -351.037834512 -209.046153846 209.735342405 0.858448794 -0.000000000 -0.512899277   1
 296 11290    0 -382.846203563 -209.046153846 143.684583480 0.936234871 -0.000000000 -0.351374824   1
 297 11291    0 -402.349580625 -209.046153846 73.015683818 0.983929589 -0.000000000 -0.178556895   1
 298 11292    0 -408.921111111 -209.046153846 0.000000000 1.000000000 -0.000000000 -0.000000000   1
 299 11293    0 -402.349580625 -209.046153846 -73.015683818 0.983929589 -0.000000000 0.178556895   1
 300 11294    0 -382.846203563 -209.046153846 -143.684583480 0.936234871 -0.000000000 0.351374824   1
 301 11295    0 -351.037834512 -209.046153846 -209.735342405 0.858448794 -0.000000000 0.512899277   1
 302 11296    0 -307.946820624 -209.046153846 -269.045034854 0.753071466 -0.000000000 0.657938726   1
 303 11297    0 -254.958142543 -209.046153846 -319.707398512 0.623489802 -0.000000000 0.781831482   1
 304 11298    0 -193.774899979 -209.046153846 -360.094103326 0.473868662 -0.000000000 0.880595532   1
 305 11299    0 -126.363572692 -209.046153846 -388.907087373 0.309016994 -0.000000000 0.951056516   1
 306 11300    0 -54.890816206 -209.046153846 -405.220277637 0.134233266 -0.000000000 0.990949762   1
 307 11301    0 18.346176277 -209.046153846 -408.509354762 -0.044864830 -0.000000000 0.998993067   1
 308 11302    0 90.993507559 -209.046153846 -398.668605103 -0.222520934 -0.000000000 0.974927912   1
 309 11303    0 160.716232638 -209.046153846 -376.014318449 -0.393025032 -0.000000000 0.919527773   1
 310 11304    0 225.273405763 -209.046153846 -341.274622215 -0.550896981 -0.000000000 0.834573254   1
 311 11305    0 282.590106271 -209.046153846 -295.566078822 -0.691062649 -0.000000000 0.722794864   1
 312 11306    0 330.824128248 -209.046153846 -240.357798462 -0.809016994 -0.000000000 0.587785252   1
 313 11307    0 368.425190539 -209.046153846 -177.424220693 -0.900968868 -0.000000000 0.433883739   1
 314 11308    0 394.184764066 -209.046153846 -108.788082486 -0.963962861 -0.000000000 0.266036846   1
 315 11309    0 407.274914939 -209.046153846 -36.655405796 -0.995974294 -0.000000000 0.089639309   1
 316 11310    0 407.274914939 -282.061538462 36.655405796 -0.995974294 -0.000000000 -0.089639309   1
 317 11311    0 394.184764066 -282.061538462 108.788082486 -0.963962861 -0.000000000 -0.266036846   1
 318 11312    0 368.425190539 -282.061538462 177.424220693 -0.900968868 -0.000000000 -0.433883739   1
 319 11313    0 330.824128248 -282.061538462 240.357798462 -0.809016994 -0.000000000 -0.587785252   1
 320 11314    0 282.590106271 -282.061538462 295.566078822 -0.691062649 -0.000000000 -0.722794864   1
 321 11315    0 225.273405763 -282.061538462 341.274622215 -0.550896981 -0.000000000 -0.834573254   1
 322 11316    0 160.716232638 -282.061538462 376.014318449 -0.393025032 -0.000000000 -0.919527773   1
 323 11317    0 90.993507559 -282.061538462 398.668605103 -0.222520934 -0.000000000 -0.974927912   1
 324 11318    0 18.346176277 -282.061538462 408.509354762 -0.044864830 -0.000000000 -0.998993067   1
 325 11319    0 -54.890816206 -282.061538462 405.220277637 0.134233266 -0.000000000 -0.990949762   1
 326 11320    0 -126.363572692 -282.061538462 388.907087373 0.309016994 -0.000000000 -0.951056516   1
 327 11321    0 -193.774899979 -282.061538462 360.094103326 0.473868662 -0.000000000 -0.880595532   1
 328 11322    0 -254.958142543 -282.061538462 319.707398512 0.623489802 -0.000000000 -0.781831482   1
 329 11323    0 -307.946820624 -282.061538462 269.045034854 0.753071466 -0.000000000 -0.657938726   1
 330 11324    0 -351.037834512 -282.061538462 209.735342405 0.858448794 -0.000000000 -0.512899277   1
 331 11325    0 -382.846203563 -282.061538462 143.684583480 0.936234871 -0.000000000 -0.351374824   1
 332 11326    0 -402.349580625 -282.061538462 73.015683818 0.983929589 -0.000000000 -0.178556895   1
 333 11327    0 -408.921111111 -282.061538462 0.000000000 1.000000000 -0.000000000 -0.000000000   1
 334 11328    0 -402.349580625 -282.061538462 -73.015683818 0.983929589 -0.000000000 0.178556895   1
 335 11329    0 -382.846203563 -282.061538462 -143.684583480 0.936234871 -0.000000000 0.351374824   1
 336 11330    0 -351.037834512 -282.061538462 -209.735342405 0.858448794 -0.000000000 0.512899277   1
 337 11331    0 -307.946820624 -282.061538462 -269.045034854 0.753071466 -0.000000000 0.657938726   1
 338 11332    0 -254.958142543 -282.061538462 -319.707398512 0.623489802 -0.000000000 0.781831482   1
 339 11333    0 -193.774899979 -282.061538462 -360.094103326 0.473868662 -0.000000000 0.880595532   1
 340 11334    0 -126.363572692 -282.061538462 -388.907087373 0.309016994 -0.000000000 0.951056516   1
 341 11335    0 -54.890816206 -282.061538462 -405.220277637 0.134233266 -0.000000000 0.990949762   1
 342 11336    0 18.346176277 -282.061538462 -408.509354762 -0.044864830 -0.000000000 0.998993067   1
 343 11337    0 90.993507559 -282.061538462 -398.668605103 -0.222520934 -0.000000000 0.974927912   1
 344 11338    0 160.716232638 -282.061538462 -376.014318449 -0.393025032 -0.000000000 0.919527773   1
 345 11339    0 225.273405763 -282.061538462 -341.274622215 -0.550896981 -0.000000000 0.834573254   1
 346 11340    0 282.590106271 -282.061538462 -295.566078822 -0.691062649 -0.000000000 0.722794864   1
 347 11341    0 330.824128248 -282.061538462 -240.357798462 -0.809016994 -0.000000000 0.587785252   1
 348 11342    0 368.425190539 -282.061538462 -177.424220693 -0.900968868 -0.000000000 0.433883739   1
 349 11343    0 394.184764066 -282.061538462 -108.788082486 -0.963962861 -0.000000000 0.266036846   1
 350 11344    0 407.274914939 -282.061538462 -36.655405796 -0.995974294 -0.000000000 0.089639309   1
 351 11345    0 407.274914939 -355.076923077 36.655405796 -0.995974294 -0.000000000 -0.089639309   1
 352 11346    0 394.184764066 -355.076923077 108.788082486 -0.963962861 -0.000000000 -0.266036846   1
 353 11347    0 368.425190539 -355.076923077 177.424220693 -0.900968868 -0.000000000 -0.433883739   1
 354 11348    0 330.824128248 -355.076923077 240.357798462 -0.809016994 -0.000000000 -0.587785252   1
 355 11349    0 282.590106271 -355.076923077 295.566078822 -0.691062649 -0.000000000 -0.722794864   1
 356 11350    0 225.273405763 -355.076923077 341.274622215 -0.550896981 -0.000000000 -0.834573254   1
 357 11351    0 160.716232638 -355.076923077 376.014318449 -0.393025032 -0.000000000 -0.919527773   1
 358 11352    0 90.993507559 -355.076923077 398.668605103 -0.222520934 -0.000000000 -0.974927912   1
 359 11353    0 18.346176277 -355.076923077 408.509354762 -0.044864830 -0.000000000 -0.998993067   1
 360 11354    0 -54.890816206 -355.076923077 405.220277637 0.134233266 -0.000000000 -0.990949762   1
 361 11355    0 -126.363572692 -355.076923077 388.907087373 0.309016994 -0.000000000 -0.951056516   1
 362 11356    0 -193.774899979 -355.076923077 360.094103326 0.473868662 -0.000000000 -0.880595532   1
 363 11357    0 -254.958142543 -355.076923077 319.707398512 0.623489802 -0.000000000 -0.781831482   1
 364 11358    0 -307.946820624 -355.076923077 269.045034854 0.753071466 -0.000000000 -0.657938726   1
 365 11359    0 -351.037834512 -355.076923077 209.735342405 0.858448794 -0.000000000 -0.512899277   1
 366 11360    0 -382.846203563 -355.076923077 143.684583480 0.936234871 -0.000000000 -0.351374824   1
 367 11361    0 -402.349580625 -355.076923077 73.015683818 0.983929589 -0.000000000 -0.178556895   1
 368 11362    0 -408.921111111 -355.076923077 0.000000000 1.000000000 -0.000000000 -0.000000000   1
 369 11363    0 -402.349580625 -355.076923077 -73.015683818 0.983929589 -0.000000000 0.178556895   1
 370 11364    0 -382.846203563 -355.076923077 -143.684583480 0.936234871 -0.000000000 0.351374824   1
 371 11365    0 -351.037834512 -355.076923077 -209.735342405 0.858448794 -0.000000000 0.512899277   1
 372 11366    0 -307.946820624 -355.076923077 -269.045034854 0.753071466 -0.000000000 0.657938726   1
 373 11367    0 -254.958142543 -355.076923077 -319.707398512 0.623489802 -0.000000000 0.781831482   1
 374 11368    0 -193.774899979 -355.076923077 -360.094103326 0.473868662 -0.000000000 0.880595532   1
 375 11369    0 -126.363572692 -355.076923077 -388.907087373 0.309016994 -0.000000000 0.951056516   1
 376 11370    0 -54.890816206 -355.076923077 -405.220277637 0.134233266 -0.000000000 0.990949762   1
 377 11371    0 18.346176277 -355.076923077 -408.509354762 -0.044864830 -0.000000000 0.998993067   1
 378 11372    0 90.993507559 -355.076923077 -398.668605103 -0.222520934 -0.000000000 0.974927912   1
 379 11373    0 160.716232638 -355.076923077 -376.014318449 -0.393025032 -0.000000000 0.919527773   1
 380 11374    0 225.273405763 -355.076923077 -341.274622215 -0.550896981 -0.000000000 0.834573254   1
 381 11375    0 282.590106271 -355.076923077 -295.566078822 -0.691062649 -0.000000000 0.722794864   1
 382 11376    0 330.824128248 -355.076923077 -240.357798462 -0.809016994 -0.000000000 0.587785252   1
 383 11377    0 368.425190539 -355.076923077 -177.424220693 -0.900968868 -0.000000000 0.433883739   1
 384 11378    0 394.184764066 -355.076923077 -108.788082486 -0.963962861 -0.000000000 0.266036846   1
 385 11379    0 407.274914939 -355.076923077 -36.655405796 -0.995974294 -0.000000000 0.089639309   1
 386 11380    0 407.274914939 -438.092307692 36.655405796 -0.995974294 -0.000000000 -0.089639309   1
 387 11381    0 394.184764066 -438.092307692 108.788082486 -0.963962861 -0.000000000 -0.266036846   1
 388 11382    0 368.425190539 -438.092307692 177.424220693 -0.900968868 -0.000000000 -0.433883739   1
 389 11383    0 330.824128248 -438.092307692 240.357798462 -0.809016994 -0.000000000 -0.587785252   1
 390 11384    0 282.590106271 -438.092307692 295.566078822 -0.691062649 -0.000000000 -0.722794864   1
 391 11385    0 225.273405763 -438.092307692 341.274622215 -0.550896981 -0.000000000 -0.834573254   1
 392 11386    0 160.716232638 -438.092307692 376.014318449 -0.393025032 -0.000000000 -0.919527773   1
 393 11387    0 90.993507559 -438.092307692 398.668605103 -0.222520934 -0.000000000 -0.974927912   1
 394 11388    0 18.346176277 -438.092307692 408.509354762 -0.044864830 -0.000000000 -0.998993067   1
 395 11389    0 -54.890816206 -438.092307692 405.220277637 0.134233266 -0.000000000 -0.990949762   1
 396 11390    0 -126.363572692 -438.092307692 388.907087373 0.309016994 -0.000000000 -0.951056516   1
 397 11391    0 -193.774899979 -438.092307692 360.094103326 0.473868662 -0.000000000 -0.880595532   1
 398 11392    0 -254.958142543 -438.092307692 319.707398512 0.623489802 -0.000000000 -0.781831482   1
 399 11393    0 -307.946820624 -438.092307692 269.045034854 0.753071466 -0.000000000 -0.657938726   1
 400 11394    0 -351.037834512 -438.092307692 209.735342405 0.858448794 -0.000000000 -0.512899277   1
 401 11395    0 -382.846203563 -438.092307692 143.684583480 0.936234871 -0.000000000 -0.351374824   1
 402 11396    0 -402.349580625 -438.092307692 73.015683818 0.983929589 -0.000000000 -0.178556895   1
 403 11397    0 -408.921111111 -438.092307692 0.000000000 1.000000000 -0.000000000 -0.000000000   1
 404 11398    0 -402.349580625 -438.092307692 -73.015683818 0.983929589 -0.000000000 0.178556895   1
 405 11399    0 -382.846203563 -438.092307692 -143.684583480 0.936234871 -0.000000000 0.351374824   1
 406 11400    0 -351.037834512 -438.092307692 -209.735342405 0.858448794 -0.000000000 0.512899277   1
 407 11401    0 -307.946820624 -438.092307692 -269.045034854 0.753071466 -0.000000000 0.657938726   1
 408 11402    0 -254.958142543 -438.092307692 -319.707398512 0.623489802 -0.000000000 0.781831482   1
 409 11403    0 -193.774899979 -438.092307692 -360.094103326 0.473868662 -0.000000000 0.880595532   1
 410 11404    0 -126.363572692 -438.092307692 -388.907087373 0.309016994 -0.000000000 0.951056516   1
 411 11405    0 -54.890816206 -438.092307692 -405.220277637 0.134233266 -0.000000000 0.990949762   1
 412 11406    0 18.346176277 -438.092307692 -408.509354762 -0.044864830 -0.000000000 0.998993067   1
 413 11407    0 90.993507559 -438.092307692 -398.668605103 -0.222520934 -0.000000000 0.974927912   1
 414 11408    0 160.716232638 -438.092307692 -376.014318449 -0.393025032 -0.000000000 0.919527773   1
 415 11409    0 225.273405763 -438.092307692 -341.274622215 -0.550896981 -0.000000000 0.834573254   1
 416 11410    0 282.590106271 -438.092307692 -295.566078822 -0.691062649 -0.000000000 0.722794864   1
 417 11411    0 330.824128248 -438.092307692 -240.357798462 -0.809016994 -0.000000000 0.587785252   1
 418 11412    0 368.425190539 -438.092307692 -177.424220693 -0.900968868 -0.000000000 0.433883739   1
 419 11413    0 394.184764066 -438.092307692 -108.788082486 -0.963962861 -0.000000000 0.266036846   1
 420 11414    0 407.274914939 -438.092307692 -36.655405796 -0.995974294 -0.000000000 0.089639309   1
 421 11415    0 -323.135244369 -508.921111111 -107.711748123 -0.000000000 1.000000000 -0.000000000   1
 422 11416    0 -323.135244369 -508.921111111 -35.903916041 -0.000000000 1.000000000 -0.000000000   1
 423 11417    0 -323.135244369 -508.921111111 35.903916041 -0.000000000 1.000000000 -0.000000000   1
 424 11418    0 -323.135244369 -508.921111111 107.711748123 -0.000000000 1.000000000 -0.000000000   1
 425 11419    0 -251.327412287 -508.921111111 -179.519580205 -0.000000000 1.000000000 -0.000000000   1
 426 11420    0 -251.327412287 -508.921111111 -107.711748123 -0.000000000 1.000000000 -0.000000000   1
 427 11421    0 -251.327412287 -508.921111111 -35.903916041 -0.000000000 1.000000000 -0.000000000   1
 428 11422    0 -251.327412287 -508.921111111 35.903916041 -0.000000000 1.000000000 -0.000000000   1
 429 11423    0 -251.327412287 -508.921111111 107.711748123 -0.000000000 1.000000000 -0.000000000   1
 430 11424    0 -251.327412287 -508.921111111 179.519580205 -0.000000000 1.000000000 -0.000000000   1
 431 11425    0 -179.519580205 -508.921111111 -251.327412287 -0.000000000 1.000000000 -0.000000000   1
 432 11426    0 -179.519580205 -508.921111111 -179.519580205 -0.000000000 1.000000000 -0.000000000   1
 433 11427    0 -179.519580205 -508.921111111 -107.711748123 -0.000000000 1.000000000 -0.000000000   1
 434 11428    0 -179.519580205 -508.921111111 -35.903916041 -0.000000000 1.000000000 -0.000000000   1
 435 11429    0 -179.519580205 -508.921111111 35.903916041 -0.000000000 1.000000000 -0.000000000   1
 436 11430    0 -179.519580205 -508.921111111 107.711748123 -0.000000000 1.000000000 -0.000000000   1
 437 11431    0 -179.519580205 -508.921111111 179.519580205 -0.000000000 1.000000000 -0.000000000   1
 438 11432    0 -179.519580205 -508.921111111 251.327412287 -0.000000000 1.000000000 -0.000000000   1
 439 11433    0 -107.711748123 -508.921111111 -323.135244369 -0.000000000 1.000000000 -0.000000000   1
 440 11434    0 -107.711748123 -508.921111111 -251.327412287 -0.000000000 1.000000000 -0.000000000   1
 441 11435    0 -107.711748123 -508.921111111 -179.519580205 -0.000000000 1.000000000 -0.000000000   1
 442 11436    0 -107.711748123 -508.921111111 -107.711748123 -0.000000000 1.000000000 -0.000000000   1
 443 11437    0 -107.711748123 -508.921111111 -35.903916041 -0.000000000 1.000000000 -0.000000000   1
 444 11438    0 -107.711748123 -508.921111111 35.903916041 -0.000000000 1.000000000 -0.000000000   1
 445 11439    0 -107.711748123 -508.921111111 107.711748123 -0.000000000 1.000000000 -0.000000000   1
 446 11440    0 -107.711748123 -508.921111111 179.519580205 -0.000000000 1.000000000 -0.000000000   1
 447 11441    0 -107.711748123 -508.921111111 251.327412287 -0.000000000 1.000000000 -0.000000000   1
 448 11442    0 -107.711748123 -508.921111111 323.135244369 -0.000000000 1.000000000 -0.000000000   1
 449 11443    0 -35.903916041 -508.921111111 -323.135244369 -0.000000000 1.000000000 -0.000000000   1
 450 11444    0 -35.903916041 -508.921111111 -251.327412287 -0.000000000 1.000000000 -0.000000000   1
 451 11445    0 -35.903916041 -508.921111111 -179.519580205 -0.000000000 1.000000000 -0.000000000   1
 452 11446    0 -35.903916041 -508.921111111 -107.711748123 -0.000000000 1.000000000 -0.000000000   1
 453 11447    0 -35.903916041 -508.921111111 -35.903916041 -0.000000000 1.000000000 -0.000000000   1
 454 11448    0 -35.903916041 -508.921111111 35.903916041 -0.000000000 1.000000000 -0.000000000   1
 455 11449    0 -35.903916041 -508.921111111 107.711748123 -0.000000000 1.000000000 -0.000000000   1
 456 11450    0 -35.903916041 -508.921111111 179.519580205 -0.000000000 1.000000000 -0.000000000   1
 457 11451    0 -35.903916041 -508.921111111 251.327412287 -0.000000000 1.000000000 -0.000000000   1
 458 11452    0 -35.903916041 -508.921111111 323.135244369 -0.000000000 1.000000000 -0.000000000   1
 459 11453    0 35.903916041 -508.921111111 -323.135244369 -0.000000000 1.000000000 -0.000000000   1
 460 11454    0 35.903916041 -508.921111111 -251.327412287 -0.000000000 1.000000000 -0.000000000   1
 461 11455    0 35.903916041 -508.921111111 -179.519580205 -0.000000000 1.000000000 -0.000000000   1
 462 11456    0 35.903916041 -508.921111111 -107.711748123 -0.000000000 1.000000000 -0.000000000   1
 463 11457    0 35.903916041 -508.921111111 -35.903916041 -0.000000000 1.000000000 -0.000000000   1
 464 11458    0 35.903916041 -508.921111111 35.903916041 -0.000000000 1.000000000 -0.000000000   1
 465 11459    0 35.903916041 -508.921111111 107.711748123 -0.000000000 1.000000000 -0.000000000   1
 466 11460    0 35.903916041 -508.921111111 179.519580205 -0.000000000 1.000000000 -0.000000000   1
 467 11461    0 35.903916041 -508.921111111 251.327412287 -0.000000000 1.000000000 -0.000000000   1
 468 11462    0 35.903916041 -508.921111111 323.135244369 -0.000000000 1.000000000 -0.000000000   1
 469 11463    0 107.711748123 -508.921111111 -323.135244369 -0.000000000 1.000000000 -0.000000000   1
 470 11464    0 107.711748123 -508.921111111 -251.327412287 -0.000000000 1.000000000 -0.000000000   1
 471 11465    0 107.711748123 -508.921111111 -179.519580205 -0.000000000 1.000000000 -0.000000000   1
 472 11466    0 107.711748123 -508.921111111 -107.711748123 -0.000000000 1.000000000 -0.000000000   1
 473 11467    0 107.711748123 -508.921111111 -35.903916041 -0.000000000 1.000000000 -0.000000000   1
 474 11468    0 107.711748123 -508.921111111 35.903916041 -0.000000000 1.000000000 -0.000000000   1
 475 11469    0 107.711748123 -508.921111111 107.711748123 -0.000000000 1.000000000 -0.000000000   1
 476 11470    0 107.711748123 -508.921111111 179.519580205 -0.000000000 1.000000000 -0.000000000   1
 477 11471    0 107.711748123 -508.921111111 251.327412287 -0.000000000 1.000000000 -0.000000000   1
 478 11472    0 107.711748123 -508.921111111 323.135244369 -0.000000000 1.000000000 -0.000000000   1
 479 11473    0 179.519580205 -508.921111111 -251.327412287 -0.000000000 1.000000000 -0.000000000   1
 480 11474    0 179.519580205 -508.921111111 -179.519580205 -0.000000000 1.000000000 -0.000000000   1
 481 11475    0 179.519580205 -508.921111111 -107.711748123 -0.000000000 1.000000000 -0.000000000   1
 482 11476    0 179.519580205 -508.921111111 -35.903916041 -0.000000000 1.000000000 -0.000000000   1
 483 11477    0 179.519580205 -508.921111111 35.903916041 -0.000000000 1.000000000 -0.000000000   1
 484 11478    0 179.519580205 -508.921111111 107.711748123 -0.000000000 1.000000000 -0.000000000   1
 485 11479    0 179.519580205 -508.921111111 179.519580205 -0.000000000 1.000000000 -0.000000000   1
 486 11480    0 179.519580205 -508.921111111 251.327412287 -0.000000000 1.000000000 -0.000000000   1
 487 11481    0 251.327412287 -508.921111111 -179.519580205 -0.000000000 1.000000000 -0.000000000   1
 488 11482    0 251.327412287 -508.921111111 -107.711748123 -0.000000000 1.000000000 -0.000000000   1
 489 11483    0 251.327412287 -508.921111111 -35.903916041 -0.000000000 1.000000000 -0.000000000   1
 490 11484    0 251.327412287 -508.921111111 35.903916041 -0.000000000 1.000000000 -0.000000000   1
 491 11485    0 251.327412287 -508.921111111 107.711748123 -0.000000000 1.000000000 -0.000000000   1
 492 11486    0 251.327412287 -508.921111111 179.519580205 -0.000000000 1.000000000 -0.000000000   1
 493 11487    0 323.135244369 -508.921111111 -107.711748123 -0.000000000 1.000000000 -0.000000000   1
 494 11488    0 323.135244369 -508.921111111 -35.903916041 -0.000000000 1.000000000 -0.000000000   1
 495 11489    0 323.135244369 -508.921111111 35.903916041 -0.000000000 1.000000000 -0.000000000   1
 496 11490    0 323.135244369 -508.921111111 107.711748123 -0.000000000 1.000000000 -0.000000000   1
 497 11491    0 407.274914939 438.092307692 36.655405796 -0.995974294 -0.000000000 -0.089639309   1
 498 11492    0 394.184764066 438.092307692 108.788082486 -0.963962861 -0.000000000 -0.266036846   1
 499 11493    0 368.425190539 438.092307692 177.424220693 -0.900968868 -0.000000000 -0.433883739   1
 500 11494    0 330.824128248 438.092307692 240.357798462 -0.809016994 -0.000000000 -0.587785252   1
 501 11495    0 282.590106271 438.092307692 295.566078822 -0.691062649 -0.000000000 -0.722794864   1
 502 11496    0 225.273405763 438.092307692 341.274622215 -0.550896981 -0.000000000 -0.834573254   1
 503 11497    0 160.716232638 438.092307692 376.014318449 -0.393025032 -0.000000000 -0.919527773   1
 504 11498    0 90.993507559 438.092307692 398.668605103 -0.222520934 -0.000000000 -0.974927912   1
 505 11499    0 18.346176277 438.092307692 408.509354762 -0.044864830 -0.000000000 -0.998993067   1
 506 11500    0 -54.890816206 438.092307692 405.220277637 0.134233266 -0.000000000 -0.990949762   1
 507 11501    0 -126.363572692 438.092307692 388.907087373 0.309016994 -0.000000000 -0.951056516   1
 508 11502    0 -193.774899979 438.092307692 360.094103326 0.473868662 -0.000000000 -0.880595532   1
 509 11503    0 -254.958142543 438.092307692 319.707398512 0.623489802 -0.000000000 -0.781831482   1
 510 11504    0 -307.946820624 438.092307692 269.045034854 0.753071466 -0.000000000 -0.657938726   1
 511 11505    0 -351.037834512 438.092307692 209.735342405 0.858448794 -0.000000000 -0.512899277   1
 512 11506    0 -382.846203563 438.092307692 143.684583480 0.936234871 -0.000000000 -0.351374824   1
 513 11507    0 -402.349580625 438.092307692 73.015683818 0.983929589 -0.000000000 -0.178556895   1
 514 11508    0 -408.921111111 438.092307692 0.000000000 1.000000000 -0.000000000 -0.000000000   1
 515 11509    0 -402.349580625 438.092307692 -73.015683818 0.983929589 -0.000000000 0.178556895   1
 516 11510    0 -382.846203563 438.092307692 -143.684583480 0.936234871 -0.000000000 0.351374824   1
 517 11511    0 -351.037834512 438.092307692 -209.735342405 0.858448794 -0.000000000 0.512899277   1
 518 11512    0 -307.946820624 438.092307692 -269.045034854 0.753071466 -0.000000000 0.657938726   1
 519 11513    0 -254.958142543 438.092307692 -319.707398512 0.623489802 -0.000000000 0.781831482   1
 520 11514    0 -193.774899979 438.092307692 -360.094103326 0.473868662 -0.000000000 0.880595532   1
 521 11515    0 -126.363572692 438.092307692 -388.907087373 0.309016994 -0.000000000 0.951056516   1
 522 11516    0 -54.890816206 438.092307692 -405.220277637 0.134233266 -0.000000000 0.990949762   1
 523 11517    0 18.346176277 438.092307692 -408.509354762 -0.044864830 -0.000000000 0.998993067   1
 524 11518    0 90.993507559 438.092307692 -398.668605103 -0.222520934 -0.000000000 0.974927912   1
 525 11519    0 160.716232638 438.092307692 -376.014318449 -0.393025032 -0.000000000 0.919527773   1
 526 11520    0 225.273405763 438.092307692 -341.274622215 -0.550896981 -0.000000000 0.834573254   1
 527 11521    0 282.590106271 438.092307692 -295.566078822 -0.691062649 -0.000000000 0.722794864   1
 528 11522    0 330.824128248 438.092307692 -240.357798462 -0.809016994 -0.000000000 0.587785252   1
 529 11523    0 368.425190539 438.092307692 -177.424220693 -0.900968868 -0.000000000 0.433883739   1
 530 11524    0 394.184764066 438.092307692 -108.788082486 -0.963962861 -0.000000000 0.266036846   1
 531 11525    0 407.274914939 438.092307692 -36.655405796 -0.995974294 -0.000000000 0.089639309   1
 532 11526    0 -323.135244369 508.921111111 -107.711748123 0.000000000 -1.000000000 0.000000000   1
 533 11527    0 -323.135244369 508.921111111 -35.903916041 0.000000000 -1.000000000 0.000000000   1
 534 11528    0 -323.135244369 508.921111111 35.903916041 0.000000000 -1.000000000 0.000000000   1
 535 11529    0 -323.135244369 508.921111111 107.711748123 0.000000000 -1.000000000 0.000000000   1
 536 11530    0 -251.327412287 508.921111111 -179.519580205 0.000000000 -1.000000000 0.000000000   1
 537 11531    0 -251.327412287 508.921111111 -107.711748123 0.000000000 -1.000000000 0.000000000   1
 538 11532    0 -251.327412287 508.921111111 -35.903916041 0.000000000 -1.000000000 0.000000000   1
 539 11533    0 -251.327412287 508.921111111 35.903916041 0.000000000 -1.000000000 0.000000000   1
 540 11534    0 -251.327412287 508.921111111 107.711748123 0.000000000 -1.000000000 0.000000000   1
 541 11535    0 -251.327412287 508.921111111 179.519580205 0.000000000 -1.000000000 0.000000000   1
 542 11536    0 -179.519580205 508.921111111 -251.327412287 0.000000000 -1.000000000 0.000000000   1
 543 11537    0 -179.519580205 508.921111111 -179.519580205 0.000000000 -1.000000000 0.000000000   1
 544 11538    0 -179.519580205 508.921111111 -107.711748123 0.000000000 -1.000000000 0.000000000   1
 545 11539    0 -179.519580205 508.921111111 -35.903916041 0.000000000 -1.000000000 0.000000000   1
 546 11540    0 -179.519580205 508.921111111 35.903916041 0.000000000 -1.000000000 0.000000000   1
 547 11541    0 -179.519580205 508.921111111 107.711748123 0.000000000 -1.000000000 0.000000000   1
 548 11542    0 -179.519580205 508.921111111 179.519580205 0.000000000 -1.000000000 0.000000000   1
 549 11543    0 -179.519580205 508.921111111 251.327412287 0.000000000 -1.000000000 0.000000000   1
 550 11544    0 -107.711748123 508.921111111 -323.135244369 0.000000000 -1.000000000 0.000000000   1
 551 11545    0 -107.711748123 508.921111111 -251.327412287 0.000000000 -1.000000000 0.000000000   1
 552 11546    0 -107.711748123 508.921111111 -179.519580205 0.000000000 -1.000000000 0.000000000   1
 553 11547    0 -107.711748123 508.921111111 -107.711748123 0.000000000 -1.000000000 0.000000000   1
 554 11548    0 -107.711748123 508.921111111 -35.903916041 0.000000000 -1.000000000 0.000000000   1
 555 11549    0 -107.711748123 508.921111111 35.903916041 0.000000000 -1.000000000 0.000000000   1
 556 11550    0 -107.711748123 508.921111111 107.711748123 0.000000000 -1.000000000 0.000000000   1
 557 11551    0 -107.711748123 508.921111111 179.519580205 0.000000000 -1.000000000 0.000000000   1
 558 11552    0 -107.711748123 508.921111111 251.327412287 0.000000000 -1.000000000 0.000000000   1
 559 11553    0 -107.711748123 508.921111111 323.135244369 0.000000000 -1.000000000 0.000000000   1
 560 11554    0 -35.903916041 508.921111111 -323.135244369 0.000000000 -1.000000000 0.000000000   1
 561 11555    0 -35.903916041 508.921111111 -251.327412287 0.000000000 -1.000000000 0.000000000   1
 562 11556    0 -35.903916041 508.921111111 -179.519580205 0.000000000 -1.000000000 0.000000000   1
 563 11557    0 -35.903916041 508.921111111 -107.711748123 0.000000000 -1.000000000 0.000000000   1
 564 11558    0 -35.903916041 508.921111111 -35.903916041 0.000000000 -1.000000000 0.000000000   1
 565 11559    0 -35.903916041 508.921111111 35.903916041 0.000000000 -1.000000000 0.000000000   1
 566 11560    0 -35.903916041 508.921111111 107.711748123 0.000000000 -1.000000000 0.000000000   1
 567 11561    0 -35.903916041 508.921111111 179.519580205 0.000000000 -1.000000000 0.000000000   1
 568 11562    0 -35.903916041 508.921111111 251.327412287 0.000000000 -1.000000000 0.000000000   1
 569 11563    0 -35.903916041 508.921111111 323.135244369 0.000000000 -1.000000000 0.000000000   1
 570 11564    0 35.903916041 508.921111111 -323.135244369 0.000000000 -1.000000000 0.000000000   1
 571 11565    0 35.903916041 508.921111111 -251.327412287 0.000000000 -1.000000000 0.000000000   1
 572 11566    0 35.903916041 508.921111111 -179.519580205 0.000000000 -1.000000000 0.000000000   1
 573 11567    0 35.903916041 508.921111111 -107.711748123 0.000000000 -1.000000000 0.000000000   1
 574 11568    0 35.903916041 508.921111111 -35.903916041 0.000000000 -1.000000000 0.000000000   1
 575 11569    0 35.903916041 508.921111111 35.903916041 0.000000000 -1.000000000 0.000000000   1
 576 11570    0 35.903916041 508.921111111 107.711748123 0.000000000 -1.000000000 0.000000000   1
 577 11571    0 35.903916041 508.921111111 179.519580205 0.000000000 -1.000000000 0.000000000   1
 578 11572    0 35.903916041 508.921111111 251.327412287 0.000000000 -1.000000000 0.000000000   1
 579 11573    0 35.903916041 508.921111111 323.135244369 0.000000000 -1.000000000 0.000000000   1
 580 11574    0 107.711748123 508.921111111 -323.135244369 0.000000000 -1.000000000 0.000000000   1
 581 11575    0 107.711748123 508.921111111 -251.327412287 0.000000000 -1.000000000 0.000000000   1
 582 11576    0 107.711748123 508.921111111 -179.519580205 0.000000000 -1.000000000 0.000000000   1
 583 11577    0 107.711748123 508.921111111 -107.711748123 0.000000000 -1.000000000 0.000000000   1
 584 11578    0 107.711748123 508.921111111 -35.903916041 0.000000000 -1.000000000 0.000000000   1
 585 11579    0 107.711748123 508.921111111 35.903916041 0.000000000 -1.000000000 0.000000000   1
 586 11580    0 107.711748123 508.921111111 107.711748123 0.000000000 -1.000000000 0.000000000   1
 587 11581    0 107.711748123 508.921111111 179.519580205 0.000000000 -1.000000000 0.000000000   1
 588 11582    0 107.711748123 508.921111111 251.327412287 0.000000000 -1.000000000 0.000000000   1
 589 11583    0 107.711748123 508.921111111 323.135244369 0.000000000 -1.000000000 0.000000000   1
 590 11584    0 179.519580205 508.921111111 -251.327412287 0.000000000 -1.000000000 0.000000000   1
 591 11585    0 179.519580205 508.921111111 -179.519580205 0.000000000 -1.000000000 0.000000000   1
 592 11586    0 179.519580205 508.921111111 -107.711748123 0.000000000 -1.000000000 0.000000000   1
 593 11587    0 179.519580205 508.921111111 -35.903916041 0.000000000 -1.000000000 0.000000000   1
 594 11588    0 179.519580205 508.921111111 35.903916041 0.000000000 -1.000000000 0.000000000   1
 595 11589    0 179.519580205 508.921111111 107.711748123 0.000000000 -1.000000000 0.000000000   1
 596 11590    0 179.519580205 508.921111111 179.519580205 0.000000000 -1.000000000 0.000000000   1
 597 11591    0 179.519580205 508.921111111 251.327412287 0.000000000 -1.000000000 0.000000000   1
 598 11592    0 251.327412287 508.921111111 -179.519580205 0.000000000 -1.000000000 0.000000000   1
 599 11593    0 251.327412287 508.921111111 -107.711748123 0.000000000 -1.000000000 0.000000000   1
 600 11594    0 251.327412287 508.921111111 -35.903916041 0.000000000 -1.000000000 0.000000000   1
 601 11595    0 251.327412287 508.921111111 35.903916041 0.000000000 -1.000000000 0.000000000   1
 602 11596    0 251.327412287 508.921111111 107.711748123 0.000000000 -1.000000000 0.000000000   1
 603 11597    0 251.327412287 508.921111111 179.519580205 0.000000000 -1.000000000 0.000000000   1
 604 11598    0 323.135244369 508.921111111 -107.711748123 0.000000000 -1.000000000 0.000000000   1
 605 11599    0 323.135244369 508.921111111 -35.903916041 0.000000000 -1.000000000 0.000000000   1
 606 11600    0 323.135244369 508.921111111 35.903916041 0.000000000 -1.000000000 0.000000000   1
 607 11601    0 323.135244369 508.921111111 107.711748123 0.000000000 -1.000000000 0.000000000   1
